NO ./path_to_the_north_texture
SO ./path_to_the_south_texture
WE ./path_to_the_west_texture




EA ./path_to_the_east_texture



F 220,100,45
C 225,30,244

        11111111111111111111 11111
        111111111111111111111111
        10000000001100000000000011111
      1101011000001110000000000001        1111
111111110000001100000000111111111         1W1
1011100000000110001000000000001           1111
100000000000001100000000000001111
111101000000000000000000100011111
111110000000000000000111111111111
111100000000000000000000000111111
111100000000000000010100100011111
110000000000010000000000100011111
100000000000000011000000100011111
100000000000000011010100100011111
110000011101010111110111100011111
11110111 1110101 1011110100011111
11111111 1111111 1111111111111111













        11111111111111111111 11111
        111111111111111111111111
        10000000001100000000000011111
      1101011000001110000000000001      
111111110000001100000000111111111      
1011100000000110001000000000001           
100000000000001100000000000001111
1111010000000000000000001000111N1
111110000000000000000111111111111
111100000000000000000000000111111
111100000000000000010100100011111
110000000000010000000000100011111
100000000000000011000000100011111
100000000000000011010100100011111
110000011101010111110111100011111
11110111 1110101 1011110100011111
11111111 1111111 1111111111111111